-45.6448, -13.0359, 270
-45.6415, -13.0545, 270.283
-45.0523, -13.0949, 271.073
-44.428, -13.0981, 271.665
-42.9209, -13.139, 272.211
-41.7797, -13.1935, 273.459
-39.753, -13.2877, 275.831
-38.2578, -13.4175, 278.085
-35.8316, -13.7702, 281.32
-34.3203, -13.9975, 285.612
-32.0436, -14.4402, 290.635
-30.4622, -14.7621, 294.82
-28.6261, -15.0731, 297.398
-27.6829, -15.4177, 300.216
-26.457, -15.7866, 306.304
-25.7046, -16.0609, 314.587
-24.6657, -16.6216, 324.87
-23.7016, -16.8997, 336.69
-22.6865, -17.704, 349.476
-21.5296, -18.2652, 362.529
-20.5851, -19.3971, 375.859
-19.7927, -20.2747, 389.117
-19.1802, -21.6211, 401.45
-18.7428, -22.8197, 413.069
-18.6876, -24.1415, 423.263
-18.5938, -25.4141, 430.278
-18.8638, -26.7046, 433.941
-19.1146, -27.522, 433.994
-19.8224, -28.3944, 431.604
-20.5189, -29.0852, 427.659
-21.9335, -29.9372, 424.051
-23.1276, -30.7173, 421.66
-25.0937, -31.8365, 420.626
-26.42, -32.7226, 420.541
-28.5141, -33.9065, 421.062
-30.0394, -34.7555, 421.973
-36.4336, -37.9863, 426.111
-44.1358, -41.0965, 431.416
-45.8866, -41.6895, 432.985
-48.4831, -42.5011, 434.624
-50.2988, -43.0051, 436.206
-52.797, -43.617, 438.13
-54.2447, -43.9452, 441.266
-55.9529, -44.456, 445.969
-56.5204, -44.7023, 450.282
-56.7622, -44.9569, 451.223
-56.5546, -45.1417, 450.717
-56.5415, -45.378, 450.541
-56.6995, -45.3923, 450.068
-56.8104, -45.4173, 450.132
-56.7468, -45.4196, 450.239
-56.6246, -45.4207, 450.268
-56.6018, -45.4217, 450.318
-56.6018, -45.4204, 450.247
-56.6018, -45.4199, 450.224
-56.6018, -45.4199, 450.222
-56.6018, -45.4201, 450.232
-56.5986, -45.4197, 450.213
-56.5986, -45.4197, 450.209
-56.5986, -45.4201, 450.231
-56.5986, -45.4198, 450.218
-56.5986, -45.4197, 450.21
-55.8332, -47.5265, 450.227
-55.3555, -47.5281, 450.229
-55.1046, -47.5496, 450.042
-54.3794, -47.5426, 449.771
-53.0202, -47.528, 449.482
-51.0042, -47.5053, 449.406
-49.4561, -47.4629, 449.284
-46.8816, -47.4043, 448.655
-44.9514, -47.3341, 447.986
-41.8626, -47.1965, 447.345
-39.6569, -47.0534, 446.945
-32.665, -46.6518, 446.988
-27.893, -46.374, 450.267
-28.0805, -46.3902, 449.863
-28.1571, -46.4014, 450.44
-28.1669, -46.4003, 450.388
-28.1506, -46.3884, 449.764
-28.1507, -46.3789, 449.27
-28.123, -46.3822, 449.463
-28.1197, -46.3813, 449.416
-28.1197, -46.3815, 449.427
-28.1197, -46.3815, 449.429
-28.1197, -46.3816, 449.431
-28.1197, -46.3816, 449.432
-28.1197, -46.3817, 449.437
-28.1197, -46.3818, 449.442
-28.1197, -46.3817, 449.438
-28.1197, -46.3818, 449.441
-28.1197, -46.3817, 449.44
-28.1197, -46.3819, 449.446
-28.1197, -46.3819, 449.449
-28.1197, -46.3819, 449.45
-28.1197, -46.3818, 449.445
-28.1197, -46.3819, 449.445
-28.1197, -46.3819, 449.448
-28.1197, -46.3818, 449.443
-28.1197, -46.3818, 449.443
-28.1197, -46.3818, 449.444
-28.1197, -46.3819, 449.449
-28.1197, -46.382, 449.45
-28.1197, -46.382, 449.455
-28.1197, -46.382, 449.453
-28.1197, -46.382, 449.453
-28.1197, -46.382, 449.451
-28.1197, -46.382, 449.453
-28.1197, -46.3821, 449.456
-28.1197, -46.3821, 449.456
-28.509, -47.0127, 449.488
-28.6621, -47.0308, 450.43
-29.9978, -46.0362, 467.804
-30.4352, -45.3335, 472.533
-31.0535, -44.2335, 478.316
-31.3468, -43.2297, 485.607
-31.8486, -42.1732, 495.482
-32.0145, -41.219, 506.825
-32.5204, -40.3659, 512.098
-32.4641, -40.0612, 509.404
-32.6423, -39.2997, 503.513
-32.8997, -38.6403, 495.297
-33.5465, -37.5633, 485.272
-34.0777, -36.8248, 474.466
-35.2875, -35.8533, 462.929
-36.2589, -35.05, 451.102
-36.5294, -34.0008, 442.528
-36.7984, -33.346, 437.764
-36.8933, -32.9704, 433.795
-36.463, -32.5248, 431.116
-35, -31.8843, 430.82
-33.9081, -31.4473, 432.319
-32.0841, -30.772, 434.489
-30.5869, -30.2717, 437.121
-28.3869, -29.6819, 440.44
-26.7721, -29.2876, 444.012
-24.1447, -28.9199, 448.159
-22.3808, -28.5623, 453.362
-19.7185, -28.3601, 459.86
-17.9734, -28.1567, 467.891
-15.4338, -28.258, 477.132
-13.7274, -28.2206, 487.579
-11.5384, -28.635, 498.971
-9.80096, -28.9791, 511.183
-7.88252, -29.8853, 523.662
-6.34997, -30.4923, 534.837
-4.86953, -31.4368, 545.078
-3.59978, -32.1696, 554.561
-2.58406, -32.9936, 563.039
0.103493, -35.3274, 588.87
0.452443, -35.6156, 593.221
0.769325, -35.7255, 596.546
1.00971, -35.8169, 598.257
1.21777, -35.7512, 599.322
1.32092, -35.7143, 599.496
1.40885, -35.639, 599.297
1.42853, -35.6274, 599.289
1.42942, -35.6256, 599.345
1.42939, -35.6256, 599.347
1.42973, -35.6262, 599.313
1.42955, -35.6259, 599.331
1.42978, -35.6263, 599.308
1.42968, -35.6261, 599.318
1.42976, -35.6262, 599.31
1.42967, -35.6261, 599.319
1.42975, -35.6262, 599.311
1.42968, -35.6261, 599.318
1.42977, -35.6263, 599.308
1.42963, -35.626, 599.323
1.42984, -35.6264, 599.302
1.42971, -35.6261, 599.315
1.42984, -35.6264, 599.302
1.4297, -35.6261, 599.316
1.42981, -35.6263, 599.305
1.42968, -35.6261, 599.318
1.42986, -35.6264, 599.3
1.42972, -35.6262, 599.314
1.42981, -35.6263, 599.305
1.42979, -35.6263, 599.307
1.42986, -35.6264, 599.3
1.42973, -35.6262, 599.313
1.42988, -35.6264, 599.298
1.4297, -35.6261, 599.316
1.42982, -35.6263, 599.304
1.4298, -35.6263, 599.306
1.42992, -35.6265, 599.294
1.42982, -35.6263, 599.303
1.4299, -35.6265, 599.296
1.42989, -35.6264, 599.297
1.42991, -35.6265, 599.295
1.42992, -35.6265, 599.294
1.42994, -35.6265, 599.292
1.42993, -35.6265, 599.293
1.42989, -35.6264, 599.296
1.42995, -35.6265, 599.29
1.42988, -35.6264, 599.297
1.42996, -35.6266, 599.29
1.42994, -35.6265, 599.292
1.43, -35.6266, 599.285
1.43001, -35.6267, 599.284
1.43002, -35.6267, 599.283
1.42998, -35.6266, 599.287
1.43009, -35.6268, 599.277
1.43, -35.6266, 599.285
1.43008, -35.6268, 599.277
1.43009, -35.6268, 599.277
1.43016, -35.6269, 599.269
1.4301, -35.6268, 599.275
1.43017, -35.6269, 599.268
1.43006, -35.6267, 599.279
1.43016, -35.6269, 599.269
1.43011, -35.6268, 599.274
1.43026, -35.6271, 599.259
1.43019, -35.627, 599.266
1.43031, -35.6272, 599.253
1.43024, -35.627, 599.261
1.4303, -35.6271, 599.255
1.43023, -35.627, 599.262
1.4303, -35.6271, 599.255
1.43022, -35.627, 599.263
1.43036, -35.6272, 599.248
1.43029, -35.6271, 599.256
1.43041, -35.6273, 599.243
1.43029, -35.6271, 599.256
1.4304, -35.6273, 599.244